2008-01-02,45313.54296875
2008-01-03,43786.1171875
2008-01-04,43107.2578125
2008-01-07,42258.6953125
2008-01-08,42513.265625
2008-01-09,42088.984375
2008-01-10,42428.41015625
2008-01-11,40900.9765625
2008-01-14,41664.6953125
2008-01-15,41494.98046875
2008-01-16,41197.984375
2008-01-17,39967.5625
2008-01-18,39712.9921875
2008-01-21,37591.56640625
2008-01-22,38864.421875
2008-01-23,38482.5625
2008-01-24,39670.56640625
2008-01-25,40137.27734375
2008-01-28,39118.98828125
2008-01-29,39373.55859375
2008-01-30,37252.140625
2008-01-31,38185.56640625
2008-02-01,37082.42578125
2008-02-04,37973.421875
2008-02-05,37973.421875
2008-02-11,36700.5703125
2008-02-12,37252.140625
2008-02-13,38524.9921875
2008-02-14,39840.26953125
2008-02-15,39882.703125
2008-02-18,39203.84765625
2008-02-19,39840.26953125
2008-02-20,38227.99609375
2008-02-21,38991.69921875
2008-02-22,37549.1484375
2008-02-25,37930.99609375
2008-02-26,40009.98828125
2008-02-27,39500.84765625
2008-02-28,39458.421875
2008-02-29,39288.70703125
2008-03-03,37888.5703125
2008-03-04,36870.28515625
2008-03-05,36785.42578125
2008-03-06,37846.13671875
2008-03-07,36912.71875
2008-03-10,35894.4296875
2008-03-11,35894.4296875
2008-03-12,35470.14453125
2008-03-13,34579.1484375
2008-03-14,32924.44140625
2008-03-17,31906.166015625
2008-03-18,32415.306640625
2008-03-19,33518.44140625
2008-03-20,33263.87109375
2008-03-21,32797.16015625
2008-03-24,33773.01171875
2008-03-25,33942.7265625
2008-03-26,33900.30078125
2008-03-27,32669.869140625
2008-03-28,31778.873046875
2008-03-31,31651.587890625
2008-04-01,30675.73828125
2008-04-02,30548.453125
2008-04-03,30675.73828125
2008-04-04,32457.734375
2008-04-07,34282.15234375
2008-04-08,34282.15234375
2008-04-10,33221.44921875
2008-04-11,33179.015625
2008-04-14,32245.587890625
2008-04-15,32118.306640625
2008-04-16,34112.44140625
2008-04-17,34324.58203125
2008-04-18,36233.8671875
2008-04-21,37252.140625
2008-04-22,36530.85546875
2008-04-23,38015.85546875
2008-04-24,39967.5625
2008-04-25,41155.55078125
2008-04-28,42428.41015625
2008-04-29,40306.9921875
2008-04-30,39331.1328125
2008-05-02,39797.84375
2008-05-06,41070.69921875
2008-05-07,41113.12890625
2008-05-08,40179.69921875
2008-05-09,39797.84375
2008-05-13,39373.55859375
2008-05-14,40179.69921875
2008-05-15,39458.421875
2008-05-16,38185.56640625
2008-05-19,37846.13671875
2008-05-20,39712.9921875
2008-05-21,38440.13671875
2008-05-22,39882.703125
2008-05-23,39246.27734375
2008-05-26,38227.99609375
2008-05-27,37549.1484375
2008-05-28,37124.85546875
2008-05-29,37124.85546875
2008-05-30,38397.70703125
2008-06-02,37761.28125
2008-06-03,36785.42578125
2008-06-04,36191.42578125
2008-06-05,35215.58203125
2008-06-09,33348.7265625
2008-06-10,30972.734375
2008-06-11,32160.732421875
2008-06-12,31227.3125
2008-06-13,31397.0234375
2008-06-16,32160.732421875
2008-06-17,31651.587890625
2008-06-18,35215.58203125
2008-06-19,36149.00390625
2008-06-20,37336.99609375
2008-06-23,38185.56640625
2008-06-24,38609.85546875
2008-06-25,40561.5625
2008-06-26,42428.41015625
2008-06-27,44549.828125
2008-06-30,42428.41015625
2008-07-01,37336.99609375
2008-07-02,33645.7265625
2008-07-03,32882.01171875
2008-07-04,32924.44140625
2008-07-07,32245.587890625
2008-07-08,30548.453125
2008-07-09,29530.171875
2008-07-10,29530.171875
2008-07-11,31397.0234375
2008-07-14,30421.171875
2008-07-15,28936.173828125
2008-07-16,28384.60546875
2008-07-17,28808.890625
2008-07-18,29615.029296875
2008-07-21,29445.3125
2008-07-22,28851.31640625
2008-07-23,29360.45703125
2008-07-24,30378.73828125
2008-07-25,29233.173828125
2008-07-28,29233.173828125
2008-07-29,28172.46484375
2008-07-30,28172.46484375
2008-07-31,28130.03515625
2008-08-01,28299.748046875
2008-08-04,28002.748046875
2008-08-05,28596.748046875
2008-08-06,29954.458984375
2008-08-07,29657.455078125
2008-08-08,29784.740234375
2008-08-11,29954.458984375
2008-08-12,28511.888671875
2008-08-13,28257.318359375
2008-08-14,28130.03515625
2008-08-18,26984.466796875
2008-08-19,26348.041015625
2008-08-20,26051.041015625
2008-08-21,25754.04296875
2008-08-22,25669.189453125
2008-08-25,25160.044921875
2008-08-26,24947.904296875
2008-08-27,24990.33203125
2008-08-28,24184.19140625
2008-08-29,22741.625
2008-09-01,21214.205078125
2008-09-02,19007.927734375
2008-09-03,20705.064453125
2008-09-04,22317.34375
2008-09-05,22784.0546875
2008-09-08,23590.193359375
2008-09-09,22868.9140625
2008-09-10,22868.9140625
2008-09-11,22274.9140625
2008-09-12,23590.193359375
2008-09-16,22062.7734375
2008-09-17,23759.91015625
2008-09-18,23250.763671875
2008-09-19,25711.615234375
2008-09-22,24650.90234375
2008-09-23,26178.328125
2008-09-24,27408.75390625
2008-09-25,26517.755859375
2008-09-26,26220.7578125
2008-09-29,25372.189453125
2008-09-30,24481.19140625
2008-10-01,24184.19140625
2008-10-02,23378.052734375
2008-10-06,22317.34375
2008-10-07,21808.203125
2008-10-08,20365.6328125
2008-10-09,19601.923828125
2008-10-10,16886.505859375
2008-10-13,17692.64453125
2008-10-14,20280.78125
2008-10-15,20365.6328125
2008-10-16,17353.220703125
2008-10-17,17310.791015625
2008-10-20,17480.505859375
2008-10-21,17141.076171875
2008-10-22,16334.9345703125
2008-10-23,14595.373046875
2008-10-24,14680.228515625
2008-10-27,12558.80859375
2008-10-28,12728.521484375
2008-10-29,10819.2431640625
2008-10-30,12431.5234375
2008-10-31,14255.9443359375
2008-11-03,15528.7958984375
2008-11-04,15783.3671875
2008-11-05,16547.078125
2008-11-06,14128.6591796875
2008-11-07,14510.517578125
2008-11-10,15656.0830078125
2008-11-11,14934.796875
2008-11-12,14383.23046875
2008-11-13,13067.9501953125
2008-11-14,13025.5205078125
2008-11-17,12770.9501953125
2008-11-18,12346.6669921875
2008-11-19,11795.0966796875
2008-11-20,10437.388671875
2008-11-21,11370.8125
2008-11-24,10861.671875
2008-11-25,11158.671875
2008-11-26,11879.955078125
2008-11-27,12558.80859375
2008-11-28,13407.3759765625
2008-12-01,13152.806640625
2008-12-02,12134.5244140625
2008-12-03,12346.6669921875
2008-12-04,11795.0966796875
2008-12-05,11752.6689453125
2008-12-08,12601.236328125
2008-12-09,12855.8076171875
2008-12-10,13746.8037109375
2008-12-11,13746.8037109375
2008-12-12,13322.5205078125
2008-12-15,14128.6591796875
2008-12-16,14595.373046875
2008-12-17,14298.3740234375
2008-12-18,14340.80078125
2008-12-19,15528.7958984375
2008-12-22,17819.931640625
2008-12-23,17650.21484375
2008-12-24,17480.505859375
2008-12-26,18923.068359375
2008-12-29,17522.931640625
2008-12-30,17183.505859375
2009-01-02,17141.076171875
2009-01-05,17225.93359375
2009-01-06,17650.21484375
2009-01-07,18923.068359375
2009-01-08,18286.642578125
2009-01-09,18032.072265625
2009-01-12,17480.505859375
2009-01-13,18074.501953125
2009-01-14,18541.212890625
2009-01-15,16971.36328125
2009-01-16,16971.36328125
2009-01-19,17141.076171875
2009-01-20,16547.078125
2009-01-21,16419.79296875
2009-01-22,17056.220703125
2009-01-23,16674.36328125
2009-01-28,17310.791015625
2009-01-29,17310.791015625
2009-01-30,17225.93359375
2009-02-02,16589.5078125
2009-02-03,16292.5078125
2009-02-04,16037.935546875
2009-02-05,15189.369140625
2009-02-06,15359.083984375
2009-02-09,15953.0830078125
2009-02-10,15953.0830078125
2009-02-11,15783.3671875
2009-02-12,15443.939453125
2009-02-13,15783.3671875
2009-02-16,15359.083984375
2009-02-17,14383.23046875
2009-02-18,14001.3740234375
2009-02-19,13958.9462890625
2009-02-20,13195.234375
2009-02-23,13407.3759765625
2009-02-24,12898.234375
2009-02-25,12813.3798828125
2009-02-26,12601.236328125
2009-02-27,12813.3798828125
2009-03-02,11582.955078125
2009-03-03,11285.95703125
2009-03-04,11879.955078125
2009-03-05,11625.3818359375
2009-03-06,11370.8125
2009-03-09,11752.6689453125
2009-03-10,12389.0947265625
2009-03-11,12728.521484375
2009-03-12,14637.7998046875
2009-03-13,14298.3740234375
2009-03-16,15656.0830078125
2009-03-17,16419.79296875
2009-03-18,16419.79296875
2009-03-19,17735.072265625
2009-03-20,17650.21484375
2009-03-23,17989.64453125
2009-03-24,16547.078125
2009-03-25,16971.36328125
2009-03-26,17607.791015625
2009-03-27,17141.076171875
2009-03-30,18074.501953125
2009-03-31,19686.779296875
2009-04-01,19941.3515625
2009-04-02,21129.34765625
2009-04-03,20789.919921875
2009-04-06,21171.77734375
2009-04-07,20789.919921875
2009-04-08,20365.6328125
2009-04-09,23420.482421875
2009-04-10,24523.6171875
2009-04-13,27790.607421875
2009-04-14,28681.6015625
2009-04-15,27620.892578125
2009-04-16,27239.0390625
2009-04-17,23165.91015625
2009-04-20,22826.484375
2009-04-21,23462.912109375
2009-04-22,24693.333984375
2009-04-23,27493.607421875
2009-04-24,28002.748046875
2009-04-27,29996.884765625
2009-04-28,30972.734375
2009-04-29,33773.01171875
2009-04-30,35130.7265625
2009-05-04,35088.29296875
2009-05-06,33942.7265625
2009-05-07,33942.7265625
2009-05-08,33476.01171875
2009-05-11,35639.86328125
2009-05-12,37549.1484375
2009-05-13,36912.71875
2009-05-14,36233.8671875
2009-05-15,34367.01171875
2009-05-18,34961.01171875
2009-05-19,38609.85546875
2009-05-20,38609.85546875
2009-05-21,39458.421875
2009-05-22,39882.703125
2009-05-25,39458.421875
2009-05-26,36827.859375
2009-05-27,36488.43359375
2009-05-28,35470.14453125
2009-05-29,37167.28125
2009-06-01,35809.57421875
2009-06-02,35809.57421875
2009-06-03,34494.29296875
2009-06-04,32288.017578125
2009-06-05,33942.7265625
2009-06-08,33433.5859375
2009-06-09,31778.873046875
2009-06-10,31863.732421875
2009-06-11,34027.58203125
2009-06-12,36064.14453125
2009-06-15,36446.0
2009-06-16,36106.578125
2009-06-17,37124.85546875
2009-06-18,36912.71875
2009-06-19,35300.4296875
2009-06-22,35258.00390625
2009-06-23,32797.16015625
2009-06-24,32882.01171875
2009-06-25,34154.8671875
2009-06-26,33476.01171875
2009-06-29,33348.7265625
2009-06-30,33942.7265625
2009-07-01,33348.7265625
2009-07-02,32669.869140625
2009-07-03,33094.15625
2009-07-06,33900.30078125
2009-07-07,33603.30078125
2009-07-08,35555.00390625
2009-07-09,36403.57421875
2009-07-10,38143.14453125
2009-07-13,35809.57421875
2009-07-14,35852.00390625
2009-07-15,35936.859375
2009-07-16,34579.1484375
2009-07-17,35215.58203125
2009-07-20,36064.14453125
2009-07-21,35470.14453125
2009-07-22,34621.58203125
2009-07-23,34112.44140625
2009-07-24,34070.01171875
2009-07-27,34197.296875
2009-07-28,33942.7265625
2009-07-29,34027.58203125
2009-07-30,37294.5703125
2009-07-31,39458.421875
2009-08-03,41537.41015625
2009-08-04,41367.69921875
2009-08-05,43276.97265625
2009-08-06,43107.2578125
2009-08-07,43870.9765625
2009-08-10,44125.546875
2009-08-11,46671.25
2009-08-12,48113.8125
2009-08-13,46246.9609375
2009-08-14,46501.52734375
2009-08-17,46246.9609375
2009-08-18,44804.3984375
2009-08-19,43955.82421875
2009-08-20,44125.546875
2009-08-21,44804.3984375
2009-08-24,43361.83203125
2009-08-25,39458.421875
2009-08-26,40731.265625
2009-08-27,40476.703125
2009-08-28,39331.1328125
2009-08-31,39670.56640625
2009-09-01,38440.13671875
2009-09-02,35639.86328125
2009-09-03,36912.71875
2009-09-04,36870.28515625
2009-09-07,39034.13671875
2009-09-08,39628.12890625
2009-09-09,39034.13671875
2009-09-10,40306.9921875
2009-09-11,40179.69921875
2009-09-14,40476.703125
2009-09-15,40646.41015625
2009-09-16,39925.12890625
2009-09-17,38355.27734375
2009-09-18,38185.56640625
2009-09-21,39034.13671875
2009-09-22,38864.421875
2009-09-23,37888.5703125
2009-09-24,37209.7109375
2009-09-25,36955.140625
2009-09-28,39628.12890625
2009-09-29,40688.84375
2009-09-30,40391.83984375
2009-10-01,39373.55859375
2009-10-05,37761.28125
2009-10-06,37761.28125
2009-10-07,38524.9921875
2009-10-08,38355.27734375
2009-10-09,38609.85546875
2009-10-12,38440.13671875
2009-10-13,37336.99609375
2009-10-14,37676.421875
2009-10-15,37718.85546875
2009-10-16,37634.00390625
2009-10-19,36912.71875
2009-10-20,37336.99609375
2009-10-21,37082.42578125
2009-10-22,36997.57421875
2009-10-23,37336.99609375
2009-10-26,36997.57421875
2009-10-27,36870.28515625
2009-10-28,35385.2890625
2009-10-29,33942.7265625
2009-10-30,33263.87109375
2009-11-02,33221.44921875
2009-11-03,32585.015625
2009-11-04,32669.869140625
2009-11-05,32330.4453125
2009-11-06,32500.162109375
2009-11-09,32712.30078125
2009-11-10,32754.732421875
2009-11-11,32457.734375
2009-11-12,32033.447265625
2009-11-13,31481.880859375
2009-11-16,30845.44921875
2009-11-17,29869.59375
2009-11-18,29869.59375
2009-11-19,31524.302734375
2009-11-20,31481.880859375
2009-11-23,33688.15625
2009-11-24,33688.15625
2009-11-25,35427.72265625
2009-11-26,35936.859375
2009-11-27,34748.8671875
2009-11-30,35852.00390625
2009-12-01,35682.29296875
2009-12-02,35385.2890625
2009-12-03,35894.4296875
2009-12-04,35682.29296875
2009-12-07,36912.71875
2009-12-08,39331.1328125
2009-12-09,40264.5546875
2009-12-10,40222.1328125
2009-12-11,40434.2734375
2009-12-14,40900.9765625
2009-12-15,40900.9765625
2009-12-16,41834.41796875
2009-12-17,41494.98046875
2009-12-18,40773.703125
2009-12-21,40731.265625
2009-12-22,40646.41015625
2009-12-23,40476.703125
2009-12-24,41494.98046875
2009-12-28,41282.84375
2009-12-29,39114.71875
2009-12-30,37389.06640625
2010-01-04,38229.76953125
2010-01-05,36902.34375
2010-01-06,37433.3125
2010-01-07,39158.97265625
2010-01-08,39557.19140625
2010-01-11,39866.92578125
2010-01-12,39645.6875
2010-01-13,38583.75
2010-01-14,39335.95703125
2010-01-15,39026.22265625
2010-01-18,38362.5078125
2010-01-19,37964.28515625
2010-01-20,37256.32421875
2010-01-21,37035.08984375
2010-01-22,36150.13671875
2010-01-25,35397.93359375
2010-01-26,34159.0078125
2010-01-27,34291.74609375
2010-01-28,34955.4609375
2010-01-29,34911.2109375
2010-02-01,35442.17578125
2010-02-02,34291.74609375
2010-02-03,34512.984375
2010-02-04,33849.27734375
2010-02-05,32698.84375
2010-02-08,31858.140625
2010-02-09,31990.8828125
2010-02-10,32654.595703125
2010-02-11,33406.80078125
2010-02-12,33185.5625
2010-02-16,34335.9921875
2010-02-17,34557.23046875
2010-02-18,34645.734375
2010-02-19,33451.04296875
2010-02-22,34468.73828125
2010-02-23,35088.203125
2010-02-24,35442.17578125
2010-02-25,34557.23046875
2010-02-26,34247.5
2010-03-02,34424.49609375
2010-03-03,34911.2109375
2010-03-04,34557.23046875
2010-03-05,35132.44921875
2010-03-08,37433.3125
2010-03-09,37875.79296875
2010-03-10,38052.78125
2010-03-11,38760.734375
2010-03-12,39468.6953125
2010-03-15,39203.2109375
2010-03-16,38893.48046875
2010-03-17,38716.48828125
2010-03-18,38185.51953125
2010-03-19,39822.67578125
2010-03-22,39557.19140625
2010-03-23,38052.78125
2010-03-24,38627.99609375
2010-03-25,38627.99609375
2010-03-26,39026.22265625
2010-03-29,38362.5078125
2010-03-30,39689.93359375
2010-03-31,40663.37109375
2010-04-01,40353.64453125
2010-04-02,40176.65234375
2010-04-05,38627.99609375
2010-04-06,37964.28515625
2010-04-07,38318.26953125
2010-04-08,38274.015625
2010-04-09,37964.28515625
2010-04-12,38185.51953125
2010-04-13,37920.03515625
2010-04-14,38229.76953125
2010-04-15,38229.76953125
2010-04-16,38274.015625
2010-04-19,37610.3046875
2010-04-20,37875.79296875
2010-04-21,39778.43359375
2010-04-22,39822.67578125
2010-04-23,39557.19140625
2010-04-26,40353.64453125
2010-04-27,40353.64453125
2010-04-28,40707.625
2010-04-29,39778.43359375
2010-04-30,40619.12890625
2010-05-03,39601.4375
2010-05-04,38760.734375
2010-05-06,37698.80078125
2010-05-07,36371.37890625
2010-05-10,37875.79296875
2010-05-11,36902.34375
2010-05-12,37344.8203125
2010-05-13,36990.8359375
2010-05-14,39955.4140625
2010-05-17,38627.99609375
2010-05-18,38627.99609375
2010-05-19,37344.8203125
2010-05-20,35840.41015625
2010-05-24,37256.32421875
2010-05-25,35486.4296875
2010-05-26,36415.62890625
2010-05-27,37167.83203125
2010-05-28,36990.8359375
2010-05-31,37079.3359375
2010-06-01,36990.8359375
2010-06-03,38495.2578125
2010-06-04,38672.2421875
2010-06-07,44424.40234375
2010-06-08,46990.76171875
2010-06-09,46459.7890625
2010-06-10,46990.76171875
2010-06-11,46459.7890625
2010-06-14,46371.29296875
2010-06-15,46548.28515625
2010-06-16,46636.77734375
2010-06-17,47610.22265625
2010-06-18,47344.734375
2010-06-21,47433.23046875
2010-06-22,46902.26171875
2010-06-23,46548.28515625
2010-06-24,46459.7890625
2010-06-25,46282.796875
2010-06-28,46725.2734375
2010-06-29,48406.67578125
2010-06-30,49203.125
2010-07-01,46017.31640625
2010-07-02,45840.3203125
2010-07-05,45840.3203125
2010-07-06,45132.36328125
2010-07-07,45132.36328125
2010-07-08,46017.31640625
2010-07-09,48760.65625
2010-07-12,52211.95703125
2010-07-13,52123.45703125
2010-07-14,53981.84765625
2010-07-15,57167.66796875
2010-07-16,57256.16015625
2010-07-19,58849.06640625
2010-07-20,59911.0078125
2010-07-21,59734.01171875
2010-07-22,57698.63671875
2010-07-23,58229.6015625
2010-07-26,57344.65234375
2010-07-27,56813.6875
2010-07-28,55751.74609375
2010-07-29,59822.50390625
2010-07-30,60087.99609375
2010-08-02,61946.38671875
2010-08-03,65132.20703125
2010-08-04,63804.78125
2010-08-05,62300.35546875
2010-08-06,62477.359375
2010-08-09,64070.26171875
2010-08-10,63362.30078125
2010-08-11,62831.3359375
2010-08-12,60618.9609375
2010-08-13,61946.38671875
2010-08-16,61238.42578125
2010-08-17,60618.9609375
2010-08-18,64512.7265625
2010-08-19,63804.78125
2010-08-20,63981.765625
2010-08-23,64512.7265625
2010-08-24,64247.2578125
2010-08-25,61592.40625
2010-08-26,60353.4765625
2010-08-27,59114.55078125
2010-08-30,59026.0546875
2010-08-31,61680.8984375
2010-09-01,61857.88671875
2010-09-02,61680.8984375
2010-09-03,60972.9453125
2010-09-06,59291.5390625
2010-09-07,59026.0546875
2010-09-08,57256.16015625
2010-09-09,59291.5390625
2010-09-10,58849.06640625
2010-09-13,59645.5234375
2010-09-14,58583.58203125
2010-09-15,58849.06640625
2010-09-16,59468.52734375
2010-09-17,60618.9609375
2010-09-20,59999.5
2010-09-24,60176.48828125
2010-09-27,61592.40625
2010-09-28,60353.4765625
2010-09-29,60618.9609375
2010-09-30,61061.43359375
2010-10-01,62300.35546875
2010-10-04,62831.3359375
2010-10-05,63362.30078125
2010-10-06,64601.22265625
2010-10-07,66194.1328125
2010-10-08,64335.73828125
2010-10-11,64866.71875
2010-10-12,64601.22265625
2010-10-13,65928.6484375
2010-10-14,68495.0
2010-10-15,71680.8203125
2010-10-18,72034.796875
2010-10-19,71857.8046875
2010-10-20,75220.609375
2010-10-21,75751.5859375
2010-10-22,79556.8671875
2010-10-25,79468.359375
2010-10-26,78848.90625
2010-10-27,78406.421875
2010-10-28,77698.4609375
2010-10-29,76725.015625
2010-11-01,79025.890625
2010-11-02,79910.828125
2010-11-03,79556.8671875
2010-11-04,76371.0390625
2010-11-05,72565.7578125
2010-11-08,72034.796875
2010-11-09,71503.828125
2010-11-10,71238.34375
2010-11-11,71415.328125
2010-11-12,68583.4921875
2010-11-15,66990.59375
2010-11-16,67433.0625
2010-11-17,70618.8828125
2010-11-18,72388.78125
2010-11-19,71061.3515625
2010-11-22,69025.96875
2010-11-23,68141.015625
2010-11-24,67964.03125
2010-11-25,68848.9921875
2010-11-26,66725.1015625
2010-11-29,66548.125
2010-11-30,69822.421875
2010-12-01,69733.9296875
2010-12-02,70353.390625
2010-12-03,69556.9375
2010-12-06,68052.53125
2010-12-07,66548.125
2010-12-08,65928.6484375
2010-12-09,68141.015625
2010-12-10,69025.96875
2010-12-13,70176.40625
2010-12-14,69025.96875
2010-12-15,71592.3203125
2010-12-16,74335.6640625
2010-12-17,73450.71875
2010-12-20,72300.2734375
2010-12-21,72831.2578125
2010-12-22,73008.2421875
2010-12-23,73893.1953125
2010-12-24,74247.1640625
2010-12-27,73185.2265625
2010-12-28,72477.2734375
2010-12-29,74835.7265625
2010-12-30,74472.890625
2011-01-03,78010.59375
2011-01-04,80187.6171875
2011-01-05,81638.984375
2011-01-06,85085.9609375
2011-01-07,90256.421875
2011-01-10,95245.46875
2011-01-11,96152.578125
2011-01-12,94791.9296875
2011-01-13,99327.4296875
2011-01-14,100688.078125
2011-01-17,99780.9765625
2011-01-18,109305.5234375
2011-01-19,107037.7734375
2011-01-20,102955.8203125
2011-01-21,100234.53125
2011-01-24,101595.171875
2011-01-25,97513.2265625
2011-01-26,99780.9765625
2011-01-27,108398.421875
2011-01-28,104770.015625
2011-01-31,102955.8203125
2011-02-01,99780.9765625
2011-02-07,99327.4296875
2011-02-08,94338.3671875
2011-02-09,93431.265625
2011-02-10,92070.625
2011-02-11,90256.421875
2011-02-14,87172.28125
2011-02-15,91617.0703125
2011-02-16,88714.3671875
2011-02-17,88714.3671875
2011-02-18,90075.0
2011-02-21,90709.9765625
2011-02-22,89349.328125
2011-02-23,88895.78125
2011-02-24,87353.703125
2011-02-25,85539.5078125
2011-02-28,82999.6171875
2011-03-02,79189.8046875
2011-03-03,82999.6171875
2011-03-04,83634.59375
2011-03-07,83543.8828125
2011-03-08,84541.6953125
2011-03-09,89621.4609375
2011-03-10,92070.625
2011-03-11,91163.53125
2011-03-14,103409.3671875
2011-03-15,99780.9765625
2011-03-16,97059.6640625
2011-03-17,99780.9765625
2011-03-18,100234.53125
2011-03-21,101141.6171875
2011-03-22,104316.4765625
2011-03-23,101595.171875
2011-03-24,102955.8203125
2011-03-25,101595.171875
2011-03-28,102955.8203125
2011-03-29,106584.21875
2011-03-30,106130.6640625
2011-03-31,107037.7734375
2011-04-01,112026.8203125
2011-04-04,109305.5234375
2011-04-05,110212.609375
2011-04-06,110666.1640625
2011-04-07,117015.8671875
2011-04-08,117469.4140625
2011-04-11,113841.015625
2011-04-12,109759.0703125
2011-04-13,116562.3203125
2011-04-14,115655.21875
2011-04-15,113387.46875
2011-04-18,124272.671875
2011-04-19,117922.9609375
2011-04-20,123365.578125
2011-04-21,130622.375
2011-04-22,127447.5078125
2011-04-25,129715.2421875
2011-04-26,124726.2109375
2011-04-27,117922.9609375
2011-04-28,117922.9609375
2011-04-29,116108.765625
2011-05-02,113841.015625
2011-05-03,108851.9609375
2011-05-04,108851.9609375
2011-05-06,102955.8203125
2011-05-09,105677.125
2011-05-11,111573.2734375
2011-05-12,109759.0703125
2011-05-13,108851.9609375
2011-05-16,108398.421875
2011-05-17,112933.921875
2011-05-18,120190.71875
2011-05-19,122004.9296875
2011-05-20,120644.28125
2011-05-23,117015.8671875
2011-05-24,117015.8671875
2011-05-25,116562.3203125
2011-05-26,121551.375
2011-05-27,122458.46875
2011-05-30,126993.9609375
2011-05-31,129261.7109375
2011-06-01,132890.109375
2011-06-02,135157.859375
2011-06-03,130622.375
2011-06-07,125179.7734375
2011-06-08,125179.7734375
2011-06-09,122004.9296875
2011-06-10,125179.7734375
2011-06-13,122004.9296875
2011-06-14,127447.5078125
2011-06-15,129261.7109375
2011-06-16,126086.859375
2011-06-17,127901.0625
2011-06-20,129715.2421875
2011-06-21,126993.9609375
2011-06-22,125179.7734375
2011-06-23,126540.4140625
2011-06-24,129261.7109375
2011-06-27,129715.2421875
2011-06-28,133343.671875
2011-06-29,136972.078125
2011-06-30,139693.359375
2011-07-01,144228.875
2011-07-04,147857.25
2011-07-05,146496.625
2011-07-06,150578.546875
2011-07-07,156928.25
2011-07-08,151485.640625
2011-07-11,152846.3125
2011-07-12,151485.640625
2011-07-13,150125.0
2011-07-14,152392.765625
2011-07-15,156021.1875
2011-07-18,156021.1875
2011-07-19,152392.765625
2011-07-20,149671.453125
2011-07-21,151939.21875
2011-07-22,155114.046875
2011-07-25,151939.21875
2011-07-26,152846.3125
2011-07-27,155114.046875
2011-07-28,153753.421875
2011-07-29,152846.3125
2011-08-01,154206.96875
2011-08-02,146496.625
2011-08-03,146043.0625
2011-08-04,136518.5
2011-08-05,127901.0625
2011-08-08,127447.5078125
2011-08-09,130622.375
2011-08-10,120644.28125
2011-08-11,122458.46875
2011-08-12,115655.21875
2011-08-16,120190.71875
2011-08-17,120644.28125
2011-08-18,120190.71875
2011-08-19,102502.2734375
2011-08-22,90709.9765625
2011-08-23,98873.875
2011-08-24,97966.7734375
2011-08-25,97059.6640625
2011-08-26,107037.7734375
2011-08-29,111573.2734375
2011-08-30,112026.8203125
2011-08-31,117015.8671875
2011-09-01,117469.4140625
2011-09-02,116108.765625
2011-09-05,108851.9609375
2011-09-06,109305.5234375
2011-09-07,111119.7265625
2011-09-08,113387.46875
2011-09-09,110212.609375
2011-09-14,106130.6640625
2011-09-15,108398.421875
2011-09-16,111119.7265625
2011-09-19,99780.9765625
2011-09-20,92524.1796875
2011-09-21,97966.7734375
2011-09-22,93884.828125
2011-09-23,86628.015625
2011-09-26,81548.265625
2011-09-27,80731.8828125
2011-09-28,75924.25
2011-09-29,76922.0625
2011-09-30,74291.4609375
2011-10-04,65220.47265625
2011-10-05,60775.6875
2011-10-06,62317.75390625
2011-10-07,70753.78125
2011-10-10,70753.78125
2011-10-11,74291.4609375
2011-10-12,75107.8515625
2011-10-13,78464.125
2011-10-14,84360.28125
2011-10-17,88895.78125
2011-10-18,85539.5078125
2011-10-19,84088.15625
2011-10-20,76105.671875
2011-10-21,75289.2734375
2011-10-24,77919.859375
2011-10-25,75470.6953125
2011-10-26,74654.3046875
2011-10-27,83634.59375
2011-10-28,82908.9140625
2011-10-31,84813.8203125
2011-11-01,81004.0
2011-11-02,83453.1796875
2011-11-03,79552.640625
2011-11-04,81820.390625
2011-11-07,81729.6875
2011-11-08,80731.8828125
2011-11-09,78010.59375
2011-11-10,72658.6953125
2011-11-11,74382.1796875
2011-11-14,77012.765625
2011-11-15,73565.78125
2011-11-16,73021.53125
2011-11-17,80459.7421875
2011-11-18,81185.421875
2011-11-21,80731.8828125
2011-11-22,79008.390625
2011-11-23,74291.4609375
2011-11-24,81185.421875
2011-11-25,80641.171875
2011-11-28,82727.5
2011-11-29,83543.8828125
2011-11-30,84360.28125
2011-12-01,92977.7265625
2011-12-02,92070.625
2011-12-05,90709.9765625
2011-12-06,88260.8046875
2011-12-07,88260.8046875
2011-12-08,87625.84375
2011-12-09,84723.1171875
2011-12-12,89712.1640625
2011-12-13,87172.28125
2011-12-14,85720.921875
2011-12-15,84723.1171875
2011-12-16,84723.1171875
2011-12-19,78645.546875
2011-12-20,78554.8359375
2011-12-21,78917.6796875
2011-12-22,79099.1015625
2011-12-23,81729.6875
2011-12-26,81004.0
2011-12-27,79280.515625
2011-12-28,79649.6875
2011-12-29,82603.1015625
2012-01-02,82141.6328125
2012-01-03,84448.96875
2012-01-04,83802.9140625
2012-01-05,85648.8046875
2012-01-06,82972.2734375
2012-01-09,81680.15625
2012-01-10,85279.625
2012-01-11,84541.2734375
2012-01-12,85648.8046875
2012-01-13,84910.4453125
2012-01-16,86479.453125
2012-01-17,90171.2109375
2012-01-18,88971.3671875
2012-01-19,90724.96875
2012-01-20,93678.375
2012-01-25,94139.8515625
2012-01-26,94139.8515625
2012-01-27,94601.3203125
2012-01-30,95062.78125
2012-01-31,95062.78125
2012-02-01,96908.65625
2012-02-02,102907.7734375
2012-02-03,103830.7109375
2012-02-06,101061.890625
2012-02-07,98293.078125
2012-02-08,104292.1796875
2012-02-09,110291.2890625
2012-02-10,112137.15625
2012-02-13,109829.828125
2012-02-14,108906.8828125
2012-02-15,110291.2890625
2012-02-16,103369.234375
2012-02-17,101523.3671875
2012-02-20,102907.7734375
2012-02-21,100138.9453125
2012-02-22,98293.078125
2012-02-23,99677.484375
2012-02-24,101061.890625
2012-02-27,98293.078125
2012-02-28,97831.6171875
2012-02-29,95062.78125
2012-03-02,98293.078125
2012-03-05,95524.2578125
2012-03-06,94601.3203125
2012-03-07,94601.3203125
2012-03-08,95524.2578125
2012-03-09,94601.3203125
2012-03-12,90632.671875
2012-03-13,94601.3203125
2012-03-14,93678.375
2012-03-15,92755.4375
2012-03-16,92109.375
2012-03-19,91555.6171875
2012-03-20,91186.4375
2012-03-21,92017.078125
2012-03-22,89617.453125
2012-03-23,90632.671875
2012-03-26,90632.671875
2012-03-27,90355.7890625
2012-03-28,91371.03125
2012-03-29,91001.8515625
2012-03-30,94139.8515625
2012-04-02,93678.375
2012-04-03,91001.8515625
2012-04-04,88233.03125
2012-04-05,86848.625
2012-04-06,86571.7421875
2012-04-09,82418.5078125
2012-04-10,83895.21875
2012-04-12,85648.8046875
2012-04-13,87586.9765625
2012-04-16,85002.734375
2012-04-17,85002.734375
2012-04-18,84448.96875
2012-04-19,83987.5078125
2012-04-20,79926.5625
2012-04-23,81218.6953125
2012-04-24,78911.3359375
2012-04-25,79557.3984375
2012-04-26,79926.5625
2012-04-27,77803.8125
2012-04-30,78634.4609375
2012-05-02,77526.9375
2012-05-03,78911.3359375
2012-05-04,80295.75
2012-05-07,77988.3984375
2012-05-08,78080.6953125
2012-05-09,74204.34375
2012-05-10,73927.46875
2012-05-11,72081.5859375
2012-05-14,70143.4140625
2012-05-15,67466.890625
2012-05-16,64421.18359375
2012-05-17,63498.25
2012-05-18,61467.78515625
2012-05-21,60821.7265625
2012-05-22,61560.078125
2012-05-23,58145.1953125
2012-05-24,58422.08203125
2012-05-25,61283.19140625
2012-05-29,63682.8359375
2012-05-30,62575.3125
2012-05-31,61744.66015625
2012-06-01,61375.4921875
2012-06-04,58145.1953125
2012-06-05,59345.01953125
2012-06-07,60452.55078125
2012-06-08,59991.07421875
2012-06-11,61836.95703125
2012-06-12,61283.19140625
2012-06-13,63867.41796875
2012-06-14,63221.36328125
2012-06-15,61836.95703125
2012-06-18,64236.59375
2012-06-19,63682.8359375
2012-06-20,63036.77734375
2012-06-21,62575.3125
2012-06-22,61006.3125
2012-06-25,60544.84375
2012-06-26,62298.42578125
2012-06-27,63682.8359375
2012-06-28,64144.3046875
2012-06-29,66359.359375
2012-07-02,65528.72265625
2012-07-03,66451.65625
2012-07-04,64698.0703125
2012-07-05,69681.9375
2012-07-06,68759.0
2012-07-09,70051.125
2012-07-10,69035.8828125
2012-07-11,68482.1171875
2012-07-12,67190.0
2012-07-13,66267.078125
2012-07-16,66451.65625
2012-07-17,68389.8359375
2012-07-18,68759.0
2012-07-19,68112.9453125
2012-07-20,68205.2421875
2012-07-23,66543.9453125
2012-07-24,63590.54296875
2012-07-25,60083.37109375
2012-07-26,59806.4921875
2012-07-27,61560.078125
2012-07-30,60914.015625
2012-07-31,62759.89453125
2012-08-01,61006.3125
2012-08-02,61467.78515625
2012-08-03,62021.546875
2012-08-06,65436.42578125
2012-08-07,65990.1796875
2012-08-08,65436.42578125
2012-08-09,67928.359375
2012-08-10,66913.125
2012-08-13,66820.828125
2012-08-14,67559.1796875
2012-08-16,67190.0
2012-08-17,67743.765625
2012-08-20,68205.2421875
2012-08-21,68851.2890625
2012-08-22,68205.2421875
2012-08-23,67743.765625
2012-08-24,65990.1796875
2012-08-27,67466.890625
2012-08-28,67743.765625
2012-08-29,67466.890625
2012-08-30,65713.3046875
2012-08-31,64605.77734375
2012-09-03,63129.07421875
2012-09-04,62483.015625
2012-09-05,61006.3125
2012-09-06,61006.3125
2012-09-07,63498.25
2012-09-10,62759.89453125
2012-09-11,62113.84375
2012-09-12,62667.59765625
2012-09-13,62021.546875
2012-09-14,63498.25
2012-09-17,64144.3046875
2012-09-18,64605.77734375
2012-09-19,63498.25
2012-09-20,62113.84375
2012-09-21,62206.1328125
2012-09-24,62206.1328125
2012-09-25,61467.78515625
2012-09-26,61006.3125
2012-09-27,61190.8984375
2012-09-28,59898.78515625
2012-10-02,59529.609375
2012-10-04,58329.78515625
2012-10-05,56391.61328125
2012-10-08,55560.96484375
2012-10-09,56299.31640625
2012-10-10,54638.02734375
2012-10-11,53991.96875
2012-10-12,53253.62109375
2012-10-15,52053.796875
2012-10-16,52053.796875
2012-10-17,53991.96875
2012-10-18,55007.20703125
2012-10-19,55099.5
2012-10-22,52146.08984375
2012-10-23,52238.3828125
2012-10-24,50577.09375
2012-10-25,49008.09375
2012-10-26,47623.68359375
2012-10-29,46423.859375
2012-10-30,45823.953125
2012-10-31,45916.24609375
2012-11-01,44993.30859375
2012-11-02,46700.75
2012-11-05,46423.859375
2012-11-06,48269.7421875
2012-11-07,47531.390625
2012-11-08,46885.33984375
2012-11-09,45777.80859375
2012-11-12,45731.66015625
2012-11-13,43978.0703125
2012-11-14,42778.2578125
2012-11-15,40655.4921875
2012-11-16,39040.34765625
2012-11-19,39040.34765625
2012-11-20,38578.875
2012-11-21,38625.02734375
2012-11-22,38255.8515625
2012-11-23,36363.8203125
2012-11-26,35394.73828125
2012-11-27,38855.76171875
2012-11-28,38486.58203125
2012-11-29,39686.41015625
2012-11-30,40009.43359375
2012-12-03,40055.578125
2012-12-04,41116.96484375
2012-12-05,42916.69140625
2012-12-06,45131.75
2012-12-07,44762.57421875
2012-12-10,44993.30859375
2012-12-11,46793.04296875
2012-12-12,48454.328125
2012-12-13,49838.7421875
2012-12-14,51869.2109375
2012-12-17,50761.68359375
2012-12-18,47808.2734375
2012-12-20,50207.91796875
2012-12-21,48454.328125
2012-12-24,46700.75
2012-12-26,48085.15234375
2012-12-27,47069.92578125
2012-12-28,48731.21875
2013-01-02,50853.97265625
2013-01-03,50484.80078125
2013-01-04,48638.921875
2013-01-07,48546.62890625
2013-01-08,48823.51171875
2013-01-09,49192.68359375
2013-01-10,50023.328125
2013-01-11,48638.921875
2013-01-14,48177.44921875
2013-01-15,48177.44921875
2013-01-16,47069.92578125
2013-01-17,46885.33984375
2013-01-18,46423.859375
2013-01-21,44716.4296875
2013-01-22,45962.390625
2013-01-23,46700.75
2013-01-24,47992.859375
2013-01-25,48915.80859375
2013-01-28,49284.9765625
2013-01-29,48362.0390625
2013-01-30,48731.21875
2013-01-31,49284.9765625
2013-02-01,48638.921875
2013-02-04,47992.859375
2013-02-05,46146.98046875
2013-02-06,45131.75
2013-02-07,45454.77734375
2013-02-08,45085.60546875
2013-02-12,45085.60546875
2013-02-13,45316.3359375
2013-02-14,46100.8359375
2013-02-15,45639.3671875
2013-02-18,45777.80859375
2013-02-19,45039.45703125
2013-02-20,44901.01171875
2013-02-21,44301.10546875
2013-02-22,43655.046875
2013-02-25,43839.63671875
2013-02-26,43285.87109375
2013-02-27,41993.75390625
2013-02-28,42039.8984375
2013-03-04,40840.078125
2013-03-05,41301.55078125
2013-03-06,43101.28125
2013-03-07,42824.40234375
2013-03-08,43701.19140625
2013-03-11,42685.9609375
2013-03-12,43332.01953125
2013-03-13,43008.98828125
2013-03-14,44116.515625
2013-03-15,43608.8984375
2013-03-18,43008.98828125
2013-03-19,42132.19140625
2013-03-20,41347.6953125
2013-03-21,42224.484375
2013-03-22,41763.0234375
2013-03-25,41809.1640625
2013-03-26,41578.43359375
2013-03-27,41624.57421875
2013-03-28,42086.046875
2013-03-29,42178.34375
2013-04-01,41716.87109375
2013-04-02,38440.43359375
2013-04-03,38348.140625
2013-04-04,37840.52734375
2013-04-05,38348.140625
2013-04-08,39409.5234375
2013-04-09,39363.37109375
2013-04-10,38809.61328125
2013-04-11,38440.43359375
2013-04-12,37379.0546875
2013-04-15,36456.1171875
2013-04-16,35717.765625
2013-04-17,36225.3828125
2013-04-18,36825.29296875
2013-04-19,36917.5859375
2013-04-22,36733.0
2013-04-23,37563.64453125
2013-04-24,38994.19921875
2013-04-25,38994.19921875
2013-04-26,39686.41015625
2013-04-29,38948.05078125
2013-04-30,39409.5234375
2013-05-02,37379.0546875
2013-05-03,37748.234375
2013-05-06,39409.5234375
2013-05-07,39224.9375
2013-05-08,39086.49609375
2013-05-09,40101.73046875
2013-05-10,39455.66796875
2013-05-13,38855.76171875
2013-05-14,39686.41015625
2013-05-15,39686.41015625
2013-05-16,39778.69921875
2013-05-20,39917.140625
2013-05-21,40055.578125
2013-05-22,40286.31640625
2013-05-23,40194.0234375
2013-05-24,40424.75390625
2013-05-27,40470.90234375
2013-05-28,41901.45703125
2013-05-29,42732.109375
2013-05-30,43839.63671875
2013-05-31,44301.10546875
2013-06-03,43701.19140625
2013-06-04,42870.546875
2013-06-05,42270.63671875
2013-06-07,43701.19140625
2013-06-10,43747.33984375
2013-06-11,42870.546875
2013-06-12,41347.6953125
2013-06-13,39640.2578125
2013-06-14,38625.02734375
2013-06-17,38394.28515625
2013-06-18,37840.52734375
2013-06-19,38394.28515625
2013-06-20,35579.328125
2013-06-21,36825.29296875
2013-06-24,35994.6484375
2013-06-25,36179.234375
2013-06-26,36825.29296875
2013-06-27,38763.46875
2013-06-28,40286.31640625
2013-07-01,40470.90234375
2013-07-02,40932.375
2013-07-03,39455.66796875
2013-07-04,41255.40234375
2013-07-05,41347.6953125
2013-07-08,41024.66796875
2013-07-09,41209.25390625
2013-07-10,40563.1953125
2013-07-11,40470.90234375
2013-07-12,46516.16015625
2013-07-15,47346.80859375
2013-07-16,48823.51171875
2013-07-17,48915.80859375
2013-07-18,48638.921875
2013-07-19,48546.62890625
2013-07-22,53069.03125
2013-07-23,51684.6171875
2013-07-24,52607.55859375
2013-07-25,54268.8515625
2013-07-26,54268.8515625
2013-07-29,51500.03125
2013-07-30,52699.8515625
2013-07-31,51869.2109375
2013-08-01,51038.5625
2013-08-02,53253.62109375
2013-08-05,52976.73828125
2013-08-06,51869.2109375
2013-08-07,51869.2109375
2013-08-08,51592.328125
2013-08-09,49284.9765625
2013-08-12,49838.7421875
2013-08-13,49838.7421875
2013-08-14,51776.9140625
2013-08-16,50207.91796875
2013-08-19,49561.859375
2013-08-20,46885.33984375
2013-08-21,46239.2734375
2013-08-22,45777.80859375
2013-08-23,47531.390625
2013-08-26,48269.7421875
2013-08-27,47439.09765625
2013-08-28,46977.62890625
2013-08-29,47900.5703125
2013-08-30,48177.44921875
2013-09-02,49008.09375
2013-09-03,49192.68359375
2013-09-04,48638.921875
2013-09-05,49008.09375
2013-09-06,47808.2734375
2013-09-09,48362.0390625
2013-09-10,50484.80078125
2013-09-11,51869.2109375
2013-09-12,51684.6171875
2013-09-13,51776.9140625
2013-09-16,51500.03125
2013-09-17,52607.55859375
2013-09-23,52976.73828125
2013-09-24,53438.2109375
2013-09-25,54453.44140625
2013-09-26,58145.1953125
2013-09-27,58237.4921875
2013-09-30,59714.1953125
2013-10-01,62021.546875
2013-10-02,61098.609375
2013-10-04,61560.078125
2013-10-07,61560.078125
2013-10-08,63221.36328125
2013-10-10,62483.015625
2013-10-11,64052.0078125
2013-10-14,68759.0
2013-10-15,68020.6484375
2013-10-16,67374.59375
2013-10-17,69405.0703125
2013-10-18,68666.703125
2013-10-21,68666.703125
2013-10-22,67651.4765625
2013-10-23,65251.83203125
2013-10-24,66636.25
2013-10-25,64790.359375
2013-10-28,65251.83203125
2013-10-29,69128.1796875
2013-10-30,70420.3046875
2013-10-31,68759.0
2013-11-01,68020.6484375
2013-11-04,67374.59375
2013-11-05,65805.6015625
2013-11-06,67836.0625
2013-11-07,66082.484375
2013-11-08,67559.1796875
2013-11-11,67559.1796875
2013-11-12,70051.125
2013-11-13,69312.7734375
2013-11-14,69774.2421875
2013-11-15,72819.9375
2013-11-18,72635.34375
2013-11-19,73004.5234375
2013-11-20,74204.34375
2013-11-21,74388.9375
2013-11-22,76234.8125
2013-11-25,72635.34375
2013-11-26,72173.8828125
2013-11-27,72912.234375
2013-11-28,73835.171875
2013-11-29,75681.0546875
2013-12-02,76142.5234375
2013-12-03,74388.9375
2013-12-04,76050.2265625
2013-12-05,76973.1640625
2013-12-06,77896.1015625
2013-12-09,78172.9921875
2013-12-10,78080.6953125
2013-12-11,77526.9375
2013-12-12,76603.984375
2013-12-13,78449.875
2013-12-16,77619.2265625
2013-12-17,76696.28125
2013-12-18,77803.8125
2013-12-19,78449.875
2013-12-20,79188.2265625
2013-12-23,79741.9765625
2013-12-24,80295.75
2013-12-26,79834.28125
2013-12-27,80301.1484375
2013-12-30,81421.625
2014-01-02,79087.2890625
2014-01-03,77499.9453125
2014-01-06,75819.21875
2014-01-07,74325.25
2014-01-08,71057.171875
2014-01-09,71243.9296875
2014-01-10,69749.953125
2014-01-13,69189.703125
2014-01-14,66388.5078125
2014-01-15,69376.453125
2014-01-16,69469.828125
2014-01-17,69096.3359375
2014-01-20,69843.3203125
2014-01-21,68442.7265625
2014-01-22,72644.53125
2014-01-23,71617.421875
2014-01-24,71804.1640625
2014-01-27,68909.5859375
2014-01-28,72084.2890625
2014-01-29,70963.796875
2014-02-03,69563.203125
2014-02-04,67135.4921875
2014-02-05,66855.375
2014-02-06,70123.4375
2014-02-07,73018.015625
2014-02-10,74792.1171875
2014-02-11,77593.3203125
2014-02-12,78153.5546875
2014-02-13,78340.3046875
2014-02-14,77873.4375
2014-02-17,76005.9609375
2014-02-18,80114.3984375
2014-02-19,79460.78125
2014-02-20,79180.6640625
2014-02-21,78433.671875
2014-02-24,75819.21875
2014-02-25,74978.859375
2014-02-26,74512.0
2014-02-27,73298.140625
2014-02-28,73111.390625
2014-03-03,74138.4921875
2014-03-04,73111.390625
2014-03-05,73858.3828125
2014-03-06,74978.859375
2014-03-07,74138.4921875
2014-03-10,71150.5546875
2014-03-11,73018.015625
2014-03-12,69283.078125
2014-03-13,70496.9375
2014-03-14,68442.7265625
2014-03-17,68909.5859375
2014-03-18,68816.2109375
2014-03-19,68069.234375
2014-03-20,67322.234375
2014-03-21,69189.703125
2014-03-24,73951.7578125
2014-03-25,74138.4921875
2014-03-26,73484.890625
2014-03-27,74138.4921875
2014-03-28,72364.40625
2014-03-31,71430.671875
2014-04-01,74045.1328125
2014-04-02,73298.140625
2014-04-03,73765.0
2014-04-04,74325.25
2014-04-07,69096.3359375
2014-04-08,69843.3203125
2014-04-09,68069.234375
2014-04-10,67695.734375
2014-04-11,67602.3671875
2014-04-14,67042.125
2014-04-15,66015.015625
2014-04-16,63960.796875
2014-04-17,63493.9296875
2014-04-18,64801.16015625
2014-04-21,65081.2734375
2014-04-22,65454.7734375
2014-04-23,63307.1796875
2014-04-24,64240.9140625
2014-04-25,63027.06640625
2014-04-28,61999.95703125
2014-04-29,60132.484375
2014-04-30,58078.2734375
2014-05-02,57331.28515625
2014-05-07,57331.28515625
2014-05-08,55650.5625
2014-05-09,55183.6953125
2014-05-12,51635.5078125
2014-05-13,56864.41796875
2014-05-14,57237.91015625
2014-05-15,56957.78515625
2014-05-16,56024.05078125
2014-05-19,56304.171875
2014-05-20,54903.57421875
2014-05-21,60132.484375
2014-05-22,61159.59375
2014-05-23,60786.09765625
2014-05-26,62560.19921875
2014-05-27,61719.83203125
2014-05-28,62466.81640625
2014-05-29,61533.08984375
2014-05-30,62093.328125
2014-06-02,62466.81640625
2014-06-03,62840.31640625
2014-06-05,61906.578125
2014-06-09,64054.171875
2014-06-10,65081.2734375
2014-06-11,66481.8828125
2014-06-12,65548.140625
2014-06-13,64894.53125
2014-06-16,66295.1328125
2014-06-17,66761.9921875
2014-06-18,65268.03125
2014-06-19,66855.375
2014-06-20,65641.515625
2014-06-23,64707.78125
2014-06-24,64054.171875
2014-06-25,63493.9296875
2014-06-26,64147.54296875
2014-06-27,65268.03125
2014-06-30,65454.7734375
2014-07-01,64987.90234375
2014-07-02,65548.140625
2014-07-03,64707.78125
2014-07-04,63493.9296875
2014-07-07,62746.94140625
2014-07-08,60505.98046875
2014-07-09,60972.84375
2014-07-10,61066.22265625
2014-07-11,59758.9921875
2014-07-14,60319.23046875
2014-07-15,62280.07421875
2014-07-16,61066.22265625
2014-07-17,61999.95703125
2014-07-18,60786.09765625
2014-07-21,60879.47265625
2014-07-22,61159.59375
2014-07-23,60879.47265625
2014-07-24,62093.328125
2014-07-25,64054.171875
2014-07-28,65361.40234375
2014-07-29,64521.03515625
2014-07-30,63867.41796875
2014-07-31,61999.95703125
2014-08-01,66108.375
2014-08-04,64801.16015625
2014-08-05,64614.41015625
2014-08-06,66481.8828125
2014-08-07,66108.375
2014-08-08,66855.375
2014-08-11,65921.640625
2014-08-12,67789.109375
2014-08-13,68629.4765625
2014-08-14,68442.7265625
2014-08-18,67508.9921875
2014-08-19,66948.7421875
2014-08-20,65828.265625
2014-08-21,63027.06640625
2014-08-22,63307.1796875
2014-08-25,62186.69921875
2014-08-26,65268.03125
2014-08-27,64147.54296875
2014-08-28,65361.40234375
2014-08-29,67322.234375
2014-09-01,71617.421875
2014-09-02,72364.40625
2014-09-03,71337.296875
2014-09-04,74418.6171875
2014-09-05,73298.140625
2014-09-11,74698.734375
2014-09-12,74885.4921875
2014-09-15,71337.296875
2014-09-16,73671.6328125
2014-09-17,74698.734375
2014-09-18,73951.7578125
2014-09-19,73391.515625
2014-09-22,72737.8984375
2014-09-23,71710.796875
2014-09-24,71337.296875
2014-09-25,69843.3203125
2014-09-26,69096.3359375
2014-09-29,65641.515625
2014-09-30,67228.8671875
2014-10-01,66855.375
2014-10-02,66761.9921875
2014-10-06,68629.4765625
2014-10-07,68816.2109375
2014-10-08,67322.234375
2014-10-10,68722.8359375
2014-10-13,67882.4765625
2014-10-14,69843.3203125
2014-10-15,70777.0546875
2014-10-16,71057.171875
2014-10-17,69749.953125
2014-10-20,71150.5546875
2014-10-21,69749.953125
2014-10-22,70310.1953125
2014-10-23,70870.4296875
2014-10-24,68909.5859375
2014-10-27,75165.609375
2014-10-28,75352.3515625
2014-10-29,75632.4765625
2014-10-30,76286.0859375
2014-10-31,73018.015625
2014-11-03,74512.0
2014-11-04,70496.9375
2014-11-05,69283.078125
2014-11-06,71617.421875
2014-11-07,70496.9375
2014-11-10,69936.6953125
2014-11-11,69563.203125
2014-11-12,71990.8984375
2014-11-13,72737.8984375
2014-11-14,71057.171875
2014-11-17,72271.03125
2014-11-18,72644.53125
2014-11-19,72364.40625
2014-11-20,72924.6484375
2014-11-21,75072.234375
2014-11-24,76566.2109375
2014-11-25,73671.6328125
2014-11-26,75072.234375
2014-11-27,73578.2578125
2014-11-28,73484.890625
2014-12-01,70590.3046875
2014-12-02,70590.3046875
2014-12-03,71617.421875
2014-12-04,71804.1640625
2014-12-05,70683.6875
2014-12-08,71150.5546875
2014-12-09,70590.3046875
2014-12-10,69002.96875
2014-12-11,66108.375
2014-12-12,64614.41015625
2014-12-15,65828.265625
2014-12-16,67882.4765625
2014-12-17,68722.8359375
2014-12-18,68162.6015625
2014-12-19,68255.96875
2014-12-22,68722.8359375
2014-12-23,68162.6015625
2014-12-24,68536.09375
2014-12-26,68162.6015625
2014-12-29,67495.265625
2014-12-30,67590.609375
2015-01-02,65683.96875
2015-01-05,67304.609375
2015-01-06,63681.9765625
2015-01-07,63491.31640625
2015-01-08,63395.984375
2015-01-09,69687.9140625
2015-01-12,69115.9296875
2015-01-13,70927.234375
2015-01-14,70450.578125
2015-01-15,71499.2265625
2015-01-16,70545.90625
2015-01-19,72071.21875
2015-01-20,70545.90625
2015-01-21,72643.2265625
2015-01-22,72261.8828125
2015-01-23,73310.546875
2015-01-26,75693.84375
2015-01-27,77123.8359375
2015-01-28,78172.4921875
2015-01-29,78458.484375
2015-01-30,78363.15625
2015-02-02,76170.515625
2015-02-03,76933.171875
2015-02-04,77028.5078125
2015-02-05,76837.84375
2015-02-06,76933.171875
2015-02-09,77981.828125
2015-02-10,79125.8125
2015-02-11,75121.859375
2015-02-12,73882.5390625
2015-02-13,74835.859375
2015-02-16,76075.1796875
2015-02-17,76361.1875
2015-02-23,77600.4921875
2015-02-24,81604.453125
2015-02-25,82367.1171875
2015-02-26,86561.734375
2015-02-27,89612.3671875
2015-03-02,89612.3671875
2015-03-03,93711.65625
2015-03-04,92091.0078125
2015-03-05,94664.9765625
2015-03-06,94378.984375
2015-03-09,95808.96875
2015-03-10,101052.2421875
2015-03-11,99622.2578125
2015-03-12,100098.921875
2015-03-13,96285.6328125
2015-03-16,92758.3359375
2015-03-17,98192.2734375
2015-03-18,97238.953125
2015-03-19,104388.875
2015-03-20,102958.890625
2015-03-23,98668.9375
2015-03-24,99622.2578125
2015-03-25,98668.9375
2015-03-26,106772.1875
2015-03-27,105342.203125
2015-03-30,104865.5390625
2015-03-31,103912.2109375
2015-04-01,106772.1875
2015-04-02,111538.796875
2015-04-03,109632.15625
2015-04-06,119642.046875
2015-04-07,119165.3828125
2015-04-08,125838.6484375
2015-04-09,123455.3359375
2015-04-10,122502.015625
2015-04-13,129651.9453125
2015-04-14,132988.5625
2015-04-15,152531.6875
2015-04-16,146811.75
2015-04-17,151578.359375
2015-04-20,164924.890625
2015-04-21,170644.828125
2015-04-22,168738.1875
2015-04-23,167308.21875
2015-04-24,175888.109375
2015-04-27,163018.25
2015-04-28,168261.53125
2015-04-29,174458.109375
2015-04-30,165878.203125
2015-05-04,174458.109375
2015-05-06,171598.140625
2015-05-07,165878.203125
2015-05-08,159681.609375
2015-05-11,170644.828125
2015-05-12,169691.5
2015-05-13,170168.171875
2015-05-14,166354.859375
2015-05-15,158728.28125
2015-05-18,158251.625
2015-05-19,160634.9375
2015-05-20,154915.0
2015-05-21,156344.984375
2015-05-22,161588.265625
2015-05-26,155391.671875
2015-05-27,153485.03125
2015-05-28,154915.0
2015-05-29,159204.953125
2015-06-01,156821.640625
2015-06-02,165401.546875
2015-06-03,168261.53125
2015-06-04,162064.921875
2015-06-05,162541.578125
2015-06-08,183514.6875
2015-06-09,189711.296875
2015-06-10,192571.265625
2015-06-11,199244.515625
2015-06-12,193047.921875
2015-06-15,203534.46875
2015-06-16,208777.75
2015-06-17,213067.703125
2015-06-18,215927.671875
2015-06-19,203534.46875
2015-06-22,193524.578125
2015-06-23,192094.59375
2015-06-24,189234.609375
2015-06-25,197337.875
2015-06-26,186851.328125
2015-06-29,173504.796875
2015-06-30,183991.359375
2015-07-01,185898.0
2015-07-02,183038.046875
2015-07-03,177318.09375
2015-07-06,173981.453125
2015-07-07,176364.765625
2015-07-08,165401.546875
2015-07-09,166831.53125
2015-07-10,171598.140625
2015-07-13,173028.140625
2015-07-14,173981.453125
2015-07-15,180178.046875
2015-07-16,174934.796875
2015-07-17,172074.8125
2015-07-20,194477.90625
2015-07-21,194001.234375
2015-07-22,195907.890625
2015-07-23,185421.328125
2015-07-24,180178.046875
2015-07-27,180178.046875
2015-07-28,173504.796875
2015-07-29,173981.453125
2015-07-30,183514.6875
2015-07-31,171598.140625
2015-08-03,140138.5
2015-08-04,144905.109375
2015-08-05,148718.390625
2015-08-06,151578.359375
2015-08-07,150148.375
2015-08-10,132988.5625
2015-08-11,136325.1875
2015-08-12,133465.234375
2015-08-13,136325.1875
2015-08-14,136325.1875
2015-08-17,132035.25
2015-08-18,125838.6484375
2015-08-19,129175.2734375
2015-08-20,122502.015625
2015-08-21,128221.953125
2015-08-24,122025.359375
2015-08-25,127268.625
2015-08-26,134895.203125
2015-08-27,132988.5625
2015-08-28,138708.5
2015-08-31,138708.5
2015-09-01,140138.5
2015-09-02,133465.234375
2015-09-03,133941.890625
2015-09-04,132988.5625
2015-09-07,132511.90625
2015-09-08,131081.921875
2015-09-09,144905.109375
2015-09-10,149195.0625
2015-09-11,158251.625
2015-09-14,159204.953125
2015-09-15,153961.671875
2015-09-16,163018.25
2015-09-17,162064.921875
2015-09-18,169691.5
2015-09-21,159681.609375
2015-09-22,159204.953125
2015-09-23,152531.6875
2015-09-24,158728.28125
2015-09-25,158251.625
2015-09-30,158251.625
2015-10-01,162064.921875
2015-10-02,158251.625
2015-10-05,161588.265625
2015-10-06,163018.25
2015-10-07,160634.9375
2015-10-08,155391.671875
2015-10-12,163971.5625
2015-10-13,158728.28125
2015-10-14,155868.328125
2015-10-15,162541.578125
2015-10-16,163971.5625
2015-10-19,166354.859375
2015-10-20,166354.859375
2015-10-21,169214.859375
2015-10-22,163018.25
2015-10-23,173504.796875
2015-10-26,180178.046875
2015-10-27,179224.734375
2015-10-28,180178.046875
2015-10-29,169214.859375
2015-10-30,168738.1875
2015-11-02,168261.53125
2015-11-03,164924.890625
2015-11-04,165878.203125
2015-11-05,163018.25
2015-11-06,156821.640625
2015-11-09,154915.0
2015-11-10,154915.0
2015-11-11,151578.359375
2015-11-12,149195.0625
2015-11-13,154915.0
2015-11-16,148718.390625
2015-11-17,153008.359375
2015-11-18,152531.6875
2015-11-19,157298.3125
2015-11-20,166354.859375
2015-11-23,166831.53125
2015-11-24,171121.5
2015-11-25,170168.171875
2015-11-26,168261.53125
2015-11-27,162541.578125
2015-11-30,163971.5625
2015-12-01,164924.890625
2015-12-02,162064.921875
2015-12-03,158251.625
2015-12-04,151578.359375
2015-12-07,153961.671875
2015-12-08,150148.375
2015-12-09,153961.671875
2015-12-10,152055.015625
2015-12-11,153008.359375
2015-12-14,153485.03125
2015-12-15,151578.359375
2015-12-16,160634.9375
2015-12-17,154438.34375
2015-12-18,155868.328125
2015-12-21,160158.28125
2015-12-22,166831.53125
2015-12-23,164448.21875
2015-12-24,168261.53125
2015-12-28,164448.21875
2015-12-29,168329.015625
2015-12-30,166873.71875
2016-01-04,172209.8125
2016-01-05,166873.71875
2016-01-06,179486.265625
2016-01-07,175605.484375
2016-01-08,176090.59375
2016-01-11,168329.015625
2016-01-12,171239.609375
2016-01-13,174150.203125
2016-01-14,169299.203125
2016-01-15,165903.53125
2016-01-18,165903.53125
2016-01-19,155716.46875
2016-01-20,150380.390625
2016-01-21,152320.78125
2016-01-22,152805.875
2016-01-25,167843.921875
2016-01-26,177545.875
2016-01-27,186277.65625
2016-01-28,192583.90625
2016-01-29,193069.015625
2016-02-01,193554.109375
2016-02-02,193554.109375
2016-02-03,199860.390625
2016-02-04,200345.5
2016-02-05,202770.96875
2016-02-11,192098.828125
2016-02-12,187247.84375
2016-02-15,188218.046875
2016-02-16,203741.171875
2016-02-17,209077.25
2016-02-18,200830.578125
2016-02-19,214898.421875
2016-02-22,223630.1875
2016-02-23,227025.875
2016-02-24,229936.46875
2016-02-25,224600.375
2016-02-26,220234.515625
2016-02-29,232847.046875
2016-03-02,232361.96875
2016-03-03,234302.359375
2016-03-04,222659.984375
2016-03-07,224115.296875
2016-03-08,217809.015625
2016-03-09,217809.015625
2016-03-10,224600.375
2016-03-11,229936.46875
2016-03-14,228966.265625
2016-03-15,231876.859375
2016-03-16,226540.765625
2016-03-17,235272.546875
2016-03-18,232847.046875
2016-03-21,232361.96875
2016-03-22,232847.046875
2016-03-23,239153.328125
2016-03-24,236727.828125
2016-03-25,249340.390625
2016-03-28,258072.15625
2016-03-29,253221.171875
2016-03-30,254191.375
2016-03-31,248370.203125
2016-04-01,250310.59375
2016-04-04,260012.5625
2016-04-05,250310.59375
2016-04-06,252736.0625
2016-04-07,247885.09375
2016-04-08,247885.09375
2016-04-11,248855.28125
2016-04-12,249340.390625
2016-04-14,261952.953125
2016-04-15,257587.0625
2016-04-18,266318.8125
2016-04-19,252250.984375
2016-04-20,245944.703125
2016-04-21,247885.09375
2016-04-22,244004.3125
2016-04-25,246429.8125
2016-04-26,236242.75
2016-04-27,232361.96875
2016-04-28,226540.765625
2016-04-29,228481.171875
2016-05-02,228966.265625
2016-05-03,225085.484375
2016-05-04,219749.40625
2016-05-09,222659.984375
2016-05-10,225570.578125
2016-05-11,227996.078125
2016-05-12,227510.984375
2016-05-13,225570.578125
2016-05-16,225570.578125
2016-05-17,226540.765625
2016-05-18,220234.515625
2016-05-19,219749.40625
2016-05-20,223630.1875
2016-05-23,221689.796875
2016-05-24,216838.8125
2016-05-25,214898.421875
2016-05-26,220234.515625
2016-05-27,225085.484375
2016-05-30,222174.90625
2016-05-31,219264.3125
2016-06-01,214413.34375
2016-06-02,213443.140625
2016-06-03,208592.140625
2016-06-07,215868.625
2016-06-08,221689.796875
2016-06-09,229451.375
2016-06-10,227025.875
2016-06-13,227996.078125
2016-06-14,221204.703125
2016-06-15,226540.765625
2016-06-16,218779.203125
2016-06-17,217809.015625
2016-06-20,241578.828125
2016-06-21,234302.359375
2016-06-22,238668.21875
2016-06-23,231876.859375
2016-06-24,219749.40625
2016-06-27,224115.296875
2016-06-28,221204.703125
2016-06-29,233817.25
2016-06-30,232361.96875
2016-07-01,231391.765625
2016-07-04,246429.8125
2016-07-05,245459.609375
2016-07-06,242063.921875
2016-07-07,240123.53125
2016-07-08,236727.828125
2016-07-11,241093.71875
2016-07-12,244489.40625
2016-07-13,241578.828125
2016-07-14,242549.015625
2016-07-15,244004.3125
2016-07-18,243519.21875
2016-07-19,238183.140625
2016-07-20,237698.03125
2016-07-21,239638.421875
2016-07-22,237698.03125
2016-07-25,234787.4375
2016-07-26,237698.03125
2016-07-27,228966.265625
2016-07-28,222659.984375
2016-07-29,227996.078125
2016-08-01,229936.46875
2016-08-02,232847.046875
2016-08-03,229936.46875
2016-08-04,225570.578125
2016-08-05,227025.875
2016-08-08,225570.578125
2016-08-09,228481.171875
2016-08-10,228481.171875
2016-08-11,228481.171875
2016-08-12,225570.578125
2016-08-16,223630.1875
2016-08-17,216838.8125
2016-08-18,217809.015625
2016-08-19,211987.84375
2016-08-22,207621.953125
2016-08-23,203741.171875
2016-08-24,203741.171875
2016-08-25,199375.296875
2016-08-26,202770.96875
2016-08-29,193069.015625
2016-08-30,193554.109375
2016-08-31,189673.328125
2016-09-01,196949.796875
2016-09-02,198405.109375
2016-09-05,206166.671875
2016-09-06,200345.5
2016-09-07,200345.5
2016-09-08,201315.6875
2016-09-09,200345.5
2016-09-12,195009.40625
2016-09-13,200830.578125
2016-09-19,198405.109375
2016-09-20,201315.6875
2016-09-21,202770.96875
2016-09-22,205681.5625
2016-09-23,200830.578125
2016-09-26,197920.0
2016-09-27,198405.109375
2016-09-28,204226.28125
2016-09-29,211017.640625
2016-09-30,207136.859375
2016-10-04,212958.03125
2016-10-05,210047.453125
2016-10-06,203741.171875
2016-10-07,204226.28125
2016-10-10,203741.171875
2016-10-11,203741.171875
2016-10-12,205196.46875
2016-10-13,198405.109375
2016-10-14,195494.5
2016-10-17,199375.296875
2016-10-18,212472.9375
2016-10-19,210532.546875
2016-10-20,211502.734375
2016-10-21,211987.84375
2016-10-24,208592.140625
2016-10-25,207136.859375
2016-10-26,200830.578125
2016-10-27,201315.6875
2016-10-28,198890.1875
2016-10-31,198405.109375
2016-11-01,202770.96875
2016-11-02,200830.578125
2016-11-03,199375.296875
2016-11-04,195979.609375
2016-11-07,195009.40625
2016-11-08,197434.890625
2016-11-09,191613.71875
2016-11-10,199860.390625
2016-11-11,198405.109375
2016-11-14,218294.125
2016-11-15,215383.53125
2016-11-16,221204.703125
2016-11-17,216353.734375
2016-11-18,216838.8125
2016-11-21,224600.375
2016-11-22,224115.296875
2016-11-23,218779.203125
2016-11-24,214413.34375
2016-11-25,212958.03125
2016-11-28,211987.84375
2016-11-29,218294.125
2016-11-30,217323.921875
2016-12-01,224115.296875
2016-12-02,224115.296875
2016-12-05,229451.375
2016-12-06,242549.015625
2016-12-07,241093.71875
2016-12-08,253706.265625
2016-12-09,249825.484375
2016-12-12,242063.921875
2016-12-13,244974.5
2016-12-14,240608.609375
2016-12-15,257101.953125
2016-12-16,259527.4375
2016-12-19,258072.15625
2016-12-20,258557.25
2016-12-21,260012.5625
2016-12-22,253706.265625
2016-12-23,262923.125
2016-12-26,260497.640625
2016-12-27,263408.21875
2016-12-28,266854.6875
2016-12-29,271285.84375
2017-01-02,275224.6875
2017-01-03,282609.9375
2017-01-04,272762.90625
2017-01-05,272762.90625
2017-01-06,268331.75
2017-01-09,279163.5
2017-01-10,277194.09375
2017-01-11,288025.8125
2017-01-12,287533.46875
2017-01-13,282609.9375
2017-01-16,279655.84375
2017-01-17,282609.9375
2017-01-18,268824.09375
2017-01-19,268824.09375
2017-01-20,268331.75
2017-01-23,272762.90625
2017-01-24,269808.8125
2017-01-25,277686.4375
2017-01-26,277686.4375
2017-01-31,265870.0
2017-02-01,278671.125
2017-02-02,284579.34375
2017-02-03,278671.125
2017-02-06,276701.71875
2017-02-07,276701.71875
2017-02-08,272762.90625
2017-02-09,282117.59375
2017-02-10,289010.53125
2017-02-13,289010.53125
2017-02-14,289010.53125
2017-02-15,284579.34375
2017-02-16,275224.6875
2017-02-17,274732.3125
2017-02-20,269316.4375
2017-02-21,273747.625
2017-02-22,269316.4375
2017-02-23,275717.03125
2017-02-24,265870.0
2017-02-27,261931.171875
2017-02-28,261931.171875
2017-03-02,264392.9375
2017-03-03,257500.0
2017-03-06,258484.703125
2017-03-07,264885.28125
2017-03-08,259961.765625
2017-03-09,257992.359375
2017-03-10,260454.125
2017-03-13,254053.546875
2017-03-14,254053.546875
2017-03-15,256515.296875
2017-03-16,263408.21875
2017-03-17,260946.46875
2017-03-20,256515.296875
2017-03-21,252084.140625
2017-03-22,244206.5
2017-03-23,240267.6875
2017-03-24,239282.984375
2017-03-27,235836.53125
2017-03-28,240760.046875
2017-03-29,238790.640625
2017-03-30,238298.28125
2017-03-31,241252.390625
2017-04-03,238790.640625
2017-04-04,238790.640625
2017-04-05,240267.6875
2017-04-06,245683.5625
2017-04-07,246668.265625
2017-04-10,241744.75
2017-04-11,239775.34375
2017-04-12,239775.34375
2017-04-13,232882.421875
2017-04-14,234359.46875
2017-04-17,239282.984375
2017-04-18,233374.765625
2017-04-19,233374.765625
2017-04-20,232390.0625
2017-04-21,238790.640625
2017-04-24,236821.234375
2017-04-25,241252.390625
2017-04-26,242729.453125
2017-04-27,238298.28125
2017-04-28,232882.421875
2017-05-02,235344.171875
2017-05-04,234851.828125
2017-05-08,239775.34375
2017-05-10,236328.875
2017-05-11,238790.640625
2017-05-12,237805.9375
2017-05-15,235836.53125
2017-05-16,234851.828125
2017-05-17,232390.0625
2017-05-18,228943.59375
2017-05-19,230420.65625
2017-05-22,251591.78125
2017-05-23,246668.265625
2017-05-24,247160.625
2017-05-25,272270.5625
2017-05-26,276209.375
2017-05-29,278671.125
2017-05-30,269808.8125
2017-05-31,265870.0
2017-06-01,268824.09375
2017-06-02,261931.171875
2017-06-05,262915.875
2017-06-07,260946.46875
2017-06-08,260946.46875
2017-06-09,258977.0625
2017-06-12,254545.890625
2017-06-13,257007.65625
2017-06-14,248145.328125
2017-06-15,241744.75
2017-06-16,245683.5625
2017-06-19,240267.6875
2017-06-20,237313.578125
2017-06-21,242237.09375
2017-06-22,240267.6875
2017-06-23,240760.046875
2017-06-26,238298.28125
2017-06-27,246668.265625
2017-06-28,239775.34375
2017-06-29,241744.75
2017-06-30,249130.03125
2017-07-03,256022.953125
2017-07-04,247160.625
2017-07-05,244698.859375
2017-07-06,243221.796875
2017-07-07,239775.34375
2017-07-10,236821.234375
2017-07-11,240267.6875
2017-07-12,235836.53125
2017-07-13,233867.125
2017-07-14,243714.15625
2017-07-17,244698.859375
2017-07-18,245683.5625
2017-07-19,242729.453125
2017-07-20,251099.4375
2017-07-21,249130.03125
2017-07-24,244698.859375
2017-07-25,244698.859375
2017-07-26,240760.046875
2017-07-27,244206.5
2017-07-28,240760.046875
2017-07-31,254545.890625
2017-08-01,256022.953125
2017-08-02,262915.875
2017-08-03,258484.703125
2017-08-04,267347.03125
2017-08-07,265377.625
2017-08-08,264392.9375
2017-08-09,262423.53125
2017-08-10,256022.953125
2017-08-11,251099.4375
2017-08-14,263900.59375
2017-08-16,259469.421875
2017-08-17,266854.6875
2017-08-18,266362.34375
2017-08-21,264392.9375
2017-08-22,267839.40625
2017-08-23,260454.125
2017-08-24,258484.703125
2017-08-25,259961.765625
2017-08-28,263408.21875
2017-08-29,260946.46875
2017-08-30,259469.421875
2017-08-31,263408.21875
2017-09-01,270301.15625
2017-09-04,272762.90625
2017-09-05,269316.4375
2017-09-06,260454.125
2017-09-07,265870.0
2017-09-08,260946.46875
2017-09-11,272270.5625
2017-09-12,268824.09375
2017-09-13,266362.34375
2017-09-14,263408.21875
2017-09-15,254545.890625
2017-09-18,254053.546875
2017-09-19,251591.78125
2017-09-20,246668.265625
2017-09-21,248637.671875
2017-09-25,240760.046875
2017-09-26,240760.046875
2017-09-27,242237.09375
2017-09-28,246668.265625
2017-09-29,244206.5
2017-10-10,242729.453125
2017-10-11,246175.921875
2017-10-12,246668.265625
2017-10-13,255530.59375
2017-10-16,257500.0
2017-10-17,258977.0625
2017-10-18,253561.1875
2017-10-19,253068.84375
2017-10-20,258484.703125
2017-10-23,261931.171875
2017-10-24,257992.359375
2017-10-25,254053.546875
2017-10-26,257992.359375
2017-10-27,257007.65625
2017-10-30,246175.921875
2017-10-31,246175.921875
2017-11-01,246668.265625
2017-11-02,263900.59375
2017-11-03,262423.53125
2017-11-06,259469.421875
2017-11-07,250607.078125
2017-11-08,248145.328125
2017-11-09,247160.625
2017-11-10,249130.03125
2017-11-13,242729.453125
2017-11-14,245191.21875
2017-11-15,234851.828125
2017-11-16,242237.09375
2017-11-17,241252.390625
2017-11-20,241744.75
2017-11-21,238790.640625
2017-11-22,236821.234375
2017-11-23,234359.46875
2017-11-24,235344.171875
2017-11-27,233374.765625
2017-11-28,237313.578125
2017-11-29,237313.578125
2017-11-30,238790.640625
2017-12-01,242729.453125
2017-12-04,250114.734375
2017-12-05,251099.4375
2017-12-06,246175.921875
2017-12-07,244698.859375
2017-12-08,245191.21875
2017-12-11,254053.546875
2017-12-12,253068.84375
2017-12-13,253068.84375
2017-12-14,257992.359375
2017-12-15,257007.65625
2017-12-18,258977.0625
2017-12-19,259469.421875
2017-12-21,251591.78125
2017-12-22,257007.65625
2017-12-26,257500.0
2017-12-27,259500.0
2017-12-28,263500.0
2018-01-02,269000.0
2018-01-03,266500.0
2018-01-04,256000.0
2018-01-05,259500.0
2018-01-08,286000.0
2018-01-09,289500.0
2018-01-10,287500.0
2018-01-11,289500.0
2018-01-12,308500.0
2018-01-15,316000.0
2018-01-16,311500.0
2018-01-17,306000.0
2018-01-18,304000.0
2018-01-19,304000.0
2018-01-22,321500.0
2018-01-23,326000.0
2018-01-24,316000.0
2018-01-25,325500.0
2018-01-26,317000.0
2018-01-29,338500.0
2018-01-30,333500.0
2018-01-31,331500.0
2018-02-01,342000.0
2018-02-02,333000.0
2018-02-05,337500.0
2018-02-06,339500.0
2018-02-07,313500.0
2018-02-08,326500.0
2018-02-09,327500.0
2018-02-12,336000.0
2018-02-13,330000.0
2018-02-14,327000.0
2018-02-19,340500.0
2018-02-20,336500.0
2018-02-21,322500.0
2018-02-22,321500.0
2018-02-23,329500.0
2018-02-26,326500.0
2018-02-27,324000.0
2018-02-28,313000.0
2018-03-02,316500.0
2018-03-05,295500.0
2018-03-06,298000.0
2018-03-07,294000.0
2018-03-08,289500.0
2018-03-09,292500.0
2018-03-12,294000.0
2018-03-13,294000.0
2018-03-14,297000.0
2018-03-15,294500.0
2018-03-16,283000.0
2018-03-19,285500.0
2018-03-20,292500.0
2018-03-21,291000.0
2018-03-22,291500.0
2018-03-23,283500.0
2018-03-26,292500.0
2018-03-27,292500.0
2018-03-28,289000.0
2018-03-29,292000.0
2018-03-30,298000.0
2018-04-02,292000.0
2018-04-03,293500.0
2018-04-04,292500.0
2018-04-05,301000.0
2018-04-06,293500.0
2018-04-09,291500.0
2018-04-10,283500.0
2018-04-11,280500.0
2018-04-12,283000.0
2018-04-13,287500.0
2018-04-16,272000.0
2018-04-17,278500.0
2018-04-18,280500.0
2018-04-19,273000.0
2018-04-20,274500.0
2018-04-23,268500.0
2018-04-24,270000.0
2018-04-25,266000.0
2018-04-26,270000.0
2018-04-27,267500.0
2018-04-30,275500.0
2018-05-02,270000.0
2018-05-03,282500.0
2018-05-04,266500.0
2018-05-08,263500.0
2018-05-09,260000.0
2018-05-10,259000.0
2018-05-11,258000.0
2018-05-14,262500.0
2018-05-15,254500.0
2018-05-16,250000.0
2018-05-17,249500.0
2018-05-18,253500.0
2018-05-21,255500.0
2018-05-23,246500.0
2018-05-24,243000.0
2018-05-25,242000.0
2018-05-28,255500.0
2018-05-29,252500.0
2018-05-30,247000.0
2018-05-31,252500.0
2018-06-01,247500.0
2018-06-04,259000.0
2018-06-05,259000.0
2018-06-07,256500.0
2018-06-08,270500.0
2018-06-11,269500.0
2018-06-12,272000.0
2018-06-14,259000.0
2018-06-15,258000.0
2018-06-18,259500.0
2018-06-19,251000.0
2018-06-20,247500.0
2018-06-21,246000.0
2018-06-22,249500.0
2018-06-25,254500.0
2018-06-26,255500.0
2018-06-27,243000.0
2018-06-28,250500.0
2018-06-29,250500.0
2018-07-02,240000.0
2018-07-03,240000.0
2018-07-04,239000.0
2018-07-05,234000.0
2018-07-06,240500.0
2018-07-09,241500.0
2018-07-10,242500.0
2018-07-11,234500.0
2018-07-12,246500.0
2018-07-13,247500.0
2018-07-16,247500.0
2018-07-17,242500.0
2018-07-18,244500.0
2018-07-19,241000.0
2018-07-20,238500.0
2018-07-23,233000.0
2018-07-24,229500.0
2018-07-25,232000.0
2018-07-26,251000.0
2018-07-27,247500.0
2018-07-30,247000.0
2018-07-31,249500.0
2018-08-01,232500.0
2018-08-02,230500.0
2018-08-03,231500.0
2018-08-06,235500.0
2018-08-07,240500.0
2018-08-08,240500.0
2018-08-09,241000.0
2018-08-10,243500.0
2018-08-13,241000.0
2018-08-14,241000.0
2018-08-16,239500.0
2018-08-17,244000.0
2018-08-20,249000.0
2018-08-21,246500.0
2018-08-22,227500.0
2018-08-23,224000.0
2018-08-24,225500.0
2018-08-27,223000.0
2018-08-28,228000.0
2018-08-29,228000.0
2018-08-30,221000.0
2018-08-31,215500.0
2018-09-03,217000.0
2018-09-04,212500.0
2018-09-05,208500.0
2018-09-06,209000.0
2018-09-07,207500.0
2018-09-10,208000.0
2018-09-11,192000.0
2018-09-12,190000.0
2018-09-13,188500.0
2018-09-14,190000.0
2018-09-17,186000.0
2018-09-18,186000.0
2018-09-19,186000.0
2018-09-20,181000.0
2018-09-21,184000.0
2018-09-27,182500.0
2018-09-28,184500.0
2018-10-01,181000.0
2018-10-02,179500.0
2018-10-04,170000.0
2018-10-05,175500.0
2018-10-08,175000.0
2018-10-10,173000.0
2018-10-11,164000.0
2018-10-12,163500.0
2018-10-15,165000.0
2018-10-16,160500.0
2018-10-17,163000.0
2018-10-18,159500.0
2018-10-19,160000.0
2018-10-22,159500.0
2018-10-23,152000.0
2018-10-24,168000.0
2018-10-25,172000.0
2018-10-26,157500.0
2018-10-29,148000.0
2018-10-30,150500.0
2018-10-31,156000.0
2018-11-01,157000.0
2018-11-02,168500.0
2018-11-05,166500.0
2018-11-06,169000.0
2018-11-07,160500.0
2018-11-08,164000.0
2018-11-09,165000.0
2018-11-12,166500.0
2018-11-13,163000.0
2018-11-14,167000.0
2018-11-15,167000.0
2018-11-16,165000.0
2018-11-19,166000.0
2018-11-20,165000.0
2018-11-21,167000.0
2018-11-22,167000.0
2018-11-23,162000.0
2018-11-26,172000.0
2018-11-27,169500.0
2018-11-28,163500.0
2018-11-29,163000.0
2018-11-30,160000.0
2018-12-03,170000.0
2018-12-04,165500.0
2018-12-05,162500.0
2018-12-06,160000.0
2018-12-07,158000.0
2018-12-10,150500.0
2018-12-11,150000.0
2018-12-12,152500.0
2018-12-13,156500.0
2018-12-14,154000.0
2018-12-17,154000.0
2018-12-18,152000.0
2018-12-19,156500.0
2018-12-20,152000.0
2018-12-21,153500.0
2018-12-24,154500.0
2018-12-26,151500.0
2018-12-27,150500.0
2018-12-28,153500.0
2019-01-02,147500.0
2019-01-03,139500.0
2019-01-04,136000.0
2019-01-07,148000.0
2019-01-08,144000.0
2019-01-09,151000.0
2019-01-10,150500.0
2019-01-11,154500.0
2019-01-14,154500.0
2019-01-15,157500.0
2019-01-16,157000.0
2019-01-17,157000.0
2019-01-18,157500.0
2019-01-21,163500.0
2019-01-22,159000.0
2019-01-23,162500.0
2019-01-24,161500.0
2019-01-25,169500.0
2019-01-28,171000.0
2019-01-29,171000.0
2019-01-30,172000.0
2019-01-31,169500.0
2019-02-01,170000.0
2019-04-09,160500.0
